code = control.characode;
hity = 0.6666666666666666;
hitx = -0.08333333333333333;
var s_power = 35;
var s_angle = 45;
crashmaxx = -60;
blockmaxx = 245.8;
specialmaxx = 664.3;
